20
NP_958496.4    0.0000000 3.1996608 3.1996608 3.1081016 3.1081016 3.1680181 3.3520035 3.8005152 3.8005152 3.4514448 3.3364700 3.4227573 3.0902455 3.0973991 3.1816192 3.0609501 2.3937787 3.1239484 2.9485932 3.4791494 
NP_001017160.1 3.1996608 0.0000000 0.0000010 0.0262103 0.0217919 0.0304410 0.4043814 0.7768513 0.7602144 0.7349340 0.6390096 0.6859916 1.0964304 1.0822869 1.0796441 1.2722271 1.0807856 1.3934765 1.1924323 1.1236672 
XP_012814547.1 3.1996608 0.0000010 0.0000000 0.0262103 0.0217919 0.0304410 0.4043814 0.7768513 0.7602144 0.7349340 0.6390096 0.6859916 1.0964304 1.0822869 1.0796441 1.2722271 1.0807856 1.3934765 1.1924323 1.1236672 
NP_001081477.1 3.1081016 0.0262103 0.0262103 0.0000000 0.0043262 0.0350487 0.4167704 0.7809465 0.7641619 0.7462517 0.6559211 0.7036418 1.0583832 1.0447344 1.0423051 1.2175974 1.0297782 1.3703047 1.1970060 1.1177486 
XP_041440931.1 3.1081016 0.0217919 0.0217919 0.0043262 0.0000000 0.0305976 0.4016876 0.7598717 0.7433208 0.7256315 0.6366679 0.6837730 1.0583832 1.0447344 1.0423051 1.2170302 1.0295050 1.3693702 1.1832672 1.0958977 
NP_001088572.1 3.1680181 0.0304410 0.0304410 0.0350487 0.0305976 0.0000000 0.3831808 0.7616570 0.7451087 0.7255526 0.6502058 0.6973567 1.1105347 1.0962446 1.0935307 1.2752908 1.0615907 1.4338812 1.1886729 1.1233329 
XP_025295133.1 3.3520035 0.4043814 0.4043814 0.4167704 0.4016876 0.3831808 0.0000000 0.7493487 0.7431935 0.6878265 0.6290722 0.6530305 1.3269098 1.3287873 1.3147658 1.3133301 1.1309757 1.4727058 1.2772545 1.2761592 
NP_001027943.1 3.8005152 0.7768513 0.7768513 0.7809465 0.7598717 0.7616570 0.7493487 0.0000000 0.0128271 0.2982392 0.3859761 0.4002931 1.5409898 1.5554372 1.4737535 1.5811029 1.2227913 1.6055240 1.4180629 1.3997514 
XP_056878330.1 3.8005152 0.7602144 0.7602144 0.7641619 0.7433208 0.7451087 0.7431935 0.0128271 0.0000000 0.2810770 0.3818648 0.3961379 1.5053687 1.5093481 1.4298599 1.5532174 1.2253729 1.5963071 1.3841353 1.3664891 
XP_011489559.1 3.4514448 0.7349340 0.7349340 0.7462517 0.7256315 0.7255526 0.6878265 0.2982392 0.2810770 0.0000000 0.3521040 0.3787077 1.3140411 1.3182144 1.2482403 1.3827485 1.1471180 1.4727589 1.3273010 1.3390264 
NP_001117079.1 3.3364700 0.6390096 0.6390096 0.6559211 0.6366679 0.6502058 0.6290722 0.3859761 0.3818648 0.3521040 0.0000000 0.0312377 1.4075581 1.4073905 1.3784745 1.4204610 1.1781750 1.5131675 1.4144237 1.4563908 
XP_014063830.1 3.4227573 0.6859916 0.6859916 0.7036418 0.6837730 0.6973567 0.6530305 0.4002931 0.3961379 0.3787077 0.0312377 0.0000000 1.3714370 1.3709715 1.3431306 1.4362601 1.1956094 1.5120762 1.3957115 1.4338544 
NP_001016725.1 3.0902455 1.0964304 1.0964304 1.0583832 1.0583832 1.1105347 1.3269098 1.5409898 1.5053687 1.3140411 1.4075581 1.3714370 0.0000000 0.0219920 0.0306890 0.5288923 0.5763493 0.5790664 0.6012668 0.5089777 
NP_001079326.1 3.0973991 1.0822869 1.0822869 1.0447344 1.0447344 1.0962446 1.3287873 1.5554372 1.5093481 1.3182144 1.4073905 1.3709715 0.0219920 0.0000000 0.0444908 0.5393373 0.5869128 0.5791685 0.6115465 0.5274017 
NP_001079199.1 3.1816192 1.0796441 1.0796441 1.0423051 1.0423051 1.0935307 1.3147658 1.4737535 1.4298599 1.2482403 1.3784745 1.3431306 0.0306890 0.0444908 0.0000000 0.5351345 0.5752487 0.6028396 0.6280992 0.5345856 
NP_001117072.1 3.0609501 1.2722271 1.2722271 1.2175974 1.2170302 1.2752908 1.3133301 1.5811029 1.5532174 1.3827485 1.4204610 1.4362601 0.5288923 0.5393373 0.5351345 0.0000000 0.0921637 0.2355692 0.6942871 0.6616666 
XP_014022308.2 2.3937787 1.0807856 1.0807856 1.0297782 1.0295050 1.0615907 1.1309757 1.2227913 1.2253729 1.1471180 1.1781750 1.1956094 0.5763493 0.5869128 0.5752487 0.0921637 0.0000000 0.3276510 0.7503517 0.6478563 
XP_004069199.1 3.1239484 1.3934765 1.3934765 1.3703047 1.3693702 1.4338812 1.4727058 1.6055240 1.5963071 1.4727589 1.5131675 1.5120762 0.5790664 0.5791685 0.6028396 0.2355692 0.3276510 0.0000000 0.7360453 0.6872146 
NP_002470.2    2.9485932 1.1924323 1.1924323 1.1970060 1.1832672 1.1886729 1.2772545 1.4180629 1.3841353 1.3273010 1.4144237 1.3957115 0.6012668 0.6115465 0.6280992 0.6942871 0.7503517 0.7360453 0.0000000 0.3926499 
NP_989515.1    3.4791494 1.1236672 1.1236672 1.1177486 1.0958977 1.1233329 1.2761592 1.3997514 1.3664891 1.3390264 1.4563908 1.4338544 0.5089777 0.5274017 0.5345856 0.6616666 0.6478563 0.6872146 0.3926499 0.0000000 
