20
NP_001016725.1 0.0000000 1.5664919 1.9571804 0.0307080 0.0220153 1.5557495 1.5656338 0.6633717 1.8205855 0.6503858 3.1136585 0.5369774 0.6526421 1.8647624 1.5515303 1.0587306 1.8631751 1.6959095 1.5197511 1.9465422 
NP_001017160.1 1.5664919 0.0000000 0.7716199 1.5485473 1.5452463 0.0262345 0.0304663 1.7621947 0.6426420 1.8738777 5.1489649 1.7604999 1.8522449 0.7334406 0.0000010 1.9433945 0.6911439 0.4177048 0.0218064 0.7666559 
NP_001027943.1 1.9571804 0.7716199 0.0000000 1.8839061 1.9731697 0.7997909 0.7729627 2.1092525 0.3939234 2.0041147 3.2596617 2.1196379 2.1634884 0.3248853 0.7876296 2.3619943 0.4085089 0.7358793 0.7804925 0.0128327 
NP_001079199.1 0.0307080 1.5485473 1.8839061 0.0000000 0.0445592 1.5380392 1.5478547 0.6801587 1.7951283 0.6790343 3.1216073 0.5635470 0.6790081 1.7820164 1.5339711 1.0855248 1.8370783 1.6900626 1.5027347 1.8613044 
NP_001079326.1 0.0220153 1.5452463 1.9731697 0.0445592 0.0000000 1.5347359 1.5445808 0.6816594 1.8241024 0.6612546 3.1377335 0.5560031 0.6613868 1.8667796 1.5306786 1.0730392 1.8669349 1.7002815 1.4994132 1.9491922 
NP_001081477.1 1.5557495 0.0262345 0.7997909 1.5380392 1.5347359 0.0000000 0.0350811 1.7237619 0.6719334 1.8786716 5.1866998 1.7020273 1.8536239 0.7702424 0.0262345 1.9144575 0.7217312 0.4231606 0.0043274 0.7949136 
NP_001088572.1 1.5656338 0.0304663 0.7729627 1.5478547 1.5445808 0.0350811 0.0000000 1.7166871 0.6660717 1.8803350 5.2332125 1.7532553 1.8482400 0.7426346 0.0304663 1.8930382 0.7152348 0.3959215 0.0306181 0.7679855 
NP_001117072.1 0.6633717 1.7621947 2.1092525 0.6801587 0.6816594 1.7237619 1.7166871 0.0000000 1.8642401 0.7558971 3.3885135 0.6994925 0.2386230 1.9770821 1.7505719 0.3608566 1.9290090 1.7769053 1.6853373 2.1087959 
NP_001117079.1 1.8205855 0.6426420 0.3939234 1.7951283 1.8241024 0.6719334 0.6660717 1.8642401 0.0000000 1.9969056 3.9344272 2.1449760 2.0132215 0.3970008 0.6426420 2.1932076 0.0312732 0.6525623 0.6627198 0.3895773 
NP_002470.2    0.6503858 1.8738777 2.0041147 0.6790343 0.6612546 1.8786716 1.8803350 0.7558971 1.9969056 0.0000000 3.7409861 0.4103633 0.7375299 2.0504788 1.8541791 1.1484601 1.9839428 1.7777135 1.8256021 1.9785215 
NP_958496.4    3.1136585 5.1489649 3.2596617 3.1216073 3.1377335 5.1866998 5.2332125 3.3885135 3.9344272 3.7409861 0.0000000 4.0250070 3.4347402 3.5189487 5.3051197 3.9433673 4.2016823 4.8218203 5.0367736 3.2916846 
NP_989515.1    0.5369774 1.7604999 2.1196379 0.5635470 0.5560031 1.7020273 1.7532553 0.6994925 2.1449760 0.4103633 4.0250070 0.0000000 0.6790657 2.1471064 1.7636667 1.0119149 2.1705468 1.7638882 1.6981944 2.0930282 
XP_004069199.1 0.6526421 1.8522449 2.1634884 0.6790081 0.6613868 1.8536239 1.8482400 0.2386230 2.0132215 0.7375299 3.4347402 0.6790657 0.0000000 2.1181933 1.8385543 0.6170094 2.0605768 1.9133111 1.8150716 2.1884236 
XP_011489559.1 1.8647624 0.7334406 0.3248853 1.7820164 1.8667796 0.7702424 0.7426346 1.9770821 0.3970008 2.0504788 3.5189487 2.1471064 2.1181933 0.0000000 0.7334406 2.2966867 0.4076261 0.6959224 0.7603698 0.3066488 
XP_012814547.1 1.5515303 0.0000010 0.7876296 1.5339711 1.5306786 0.0262345 0.0304663 1.7505719 0.6426420 1.8541791 5.3051197 1.7636667 1.8385543 0.7334406 0.0000000 1.9033571 0.6911439 0.4177048 0.0218064 0.7827300 
XP_014022308.2 1.0587306 1.9433945 2.3619943 1.0855248 1.0730392 1.9144575 1.8930382 0.3608566 2.1932076 1.1484601 3.9433673 1.0119149 0.6170094 2.2966867 1.9033571 0.0000000 2.2724884 2.1621993 1.8704440 2.3328364 
XP_014063830.1 1.8631751 0.6911439 0.4085089 1.8370783 1.8669349 0.7217312 0.7152348 1.9290090 0.0312732 1.9839428 4.2016823 2.1705468 2.0605768 0.4076261 0.6911439 2.2724884 0.0000000 0.6769903 0.7122451 0.4041161 
XP_025295133.1 1.6959095 0.4177048 0.7358793 1.6900626 1.7002815 0.4231606 0.3959215 1.7769053 0.6525623 1.7777135 4.8218203 1.7638882 1.9133111 0.6959224 0.4177048 2.1621993 0.6769903 0.0000000 0.4158181 0.7252374 
XP_041440931.1 1.5197511 0.0218064 0.7804925 1.5027347 1.4994132 0.0043274 0.0306181 1.6853373 0.6627198 1.8256021 5.0367736 1.6981944 1.8150716 0.7603698 0.0218064 1.8704440 0.7122451 0.4158181 0.0000000 0.7755238 
XP_056878330.1 1.9465422 0.7666559 0.0128327 1.8613044 1.9491922 0.7949136 0.7679855 2.1087959 0.3895773 1.9785215 3.2916846 2.0930282 2.1884236 0.3066488 0.7827300 2.3328364 0.4041161 0.7252374 0.7755238 0.0000000 
