36
NP_001025534.2 0.0000000 0.3817375 0.3707902 0.3710727 0.4377122 0.4620505 0.5826744 0.5524112 0.5919532 0.6897549 0.6739223 0.6676208 0.6682223 0.5863004 0.6509725 0.6865274 0.7605771 0.8589620 0.8055717 0.9183415 0.8638652 0.8779177 0.8647901 0.9247621 0.8259874 0.8134990 0.7807893 0.8318394 0.8924236 0.8904368 0.8677034 0.8644883 1.1197313 1.1197313 1.1565710 1.1565710 
NP_005584.2    0.3817375 0.0000000 0.0564377 0.0564745 0.1146653 0.1352792 0.4489152 0.4300842 0.4657621 0.6156808 0.6104058 0.6007873 0.6260675 0.5541282 0.5876842 0.6244876 0.7493625 0.7886943 0.7786038 0.8537418 0.8469000 0.7691956 0.7569404 0.8708216 0.7720547 0.7838466 0.7591529 0.8452966 0.8380066 0.8418631 0.8874597 0.8567302 1.0885473 1.0885473 1.0889768 1.0889768 
NP_776541.1    0.3707902 0.0564377 0.0000000 0.0078591 0.1255156 0.1208223 0.4139098 0.3950370 0.4298018 0.6171900 0.6111740 0.6063335 0.6715959 0.5981281 0.6150493 0.6334678 0.7355260 0.7577581 0.7364656 0.8430251 0.8144892 0.7792162 0.7671455 0.8374642 0.7479904 0.7729977 0.7489172 0.8274696 0.8195839 0.8233779 0.8550351 0.8259212 1.0826276 1.0826276 1.0953689 1.0953689 
XP_027399073.1 0.3710727 0.0564745 0.0078591 0.0000000 0.1166524 0.1209054 0.4142213 0.3953410 0.4301284 0.6337521 0.6276335 0.6228314 0.6721442 0.5986204 0.6155444 0.6334678 0.7613405 0.7782016 0.7568610 0.8639522 0.8352815 0.7991570 0.7869651 0.8586045 0.7669944 0.7922062 0.7679079 0.8474773 0.8392698 0.8430280 0.8747855 0.8457612 1.1052054 1.1052054 1.1069893 1.1069893 
NP_032682.1    0.4377122 0.1146653 0.1255156 0.1166524 0.0000000 0.2228579 0.4697888 0.4510875 0.4823182 0.6176341 0.6116798 0.5646331 0.6160499 0.5468146 0.5788745 0.5825825 0.7967298 0.8052199 0.7826178 0.8705222 0.8417946 0.7926981 0.7908587 0.8590066 0.7383186 0.7917802 0.7674277 0.7908882 0.8058613 0.8073716 0.8541947 0.8249640 1.0800094 1.0800094 1.1149933 1.1149933 
XP_025295134.1 0.4620505 0.1352792 0.1208223 0.1209054 0.2228579 0.0000000 0.5339585 0.5301620 0.5683805 0.6879692 0.6749199 0.6640463 0.7019903 0.6240407 0.6422303 0.7167451 0.8345587 0.8365715 0.8142530 0.9270136 0.9009971 0.8558020 0.8425977 0.9379332 0.8104427 0.8143001 0.8046530 0.8465964 0.8764702 0.8803279 0.9150081 0.8850250 1.0914318 1.0914318 1.1875998 1.1875998 
NP_001095249.1 0.5826744 0.4489152 0.4139098 0.4142213 0.4697888 0.5339585 0.0000000 0.0675799 0.0664489 0.7659110 0.7587235 0.6907636 0.7084055 0.6321843 0.7120783 0.7063041 0.8528828 0.9119653 0.8970464 1.0073315 0.9614031 0.9601877 0.9455447 0.9989603 0.9102807 0.9004278 0.8376255 0.9746885 0.9549998 0.9483910 0.9735858 0.9517223 1.1724842 1.1724842 1.1979054 1.1979054 
NP_988932.1    0.5524112 0.4300842 0.3950370 0.3953410 0.4510875 0.5301620 0.0675799 0.0000000 0.0537120 0.7930613 0.7856508 0.7094447 0.6970692 0.6223000 0.7095297 0.7116116 0.8391223 0.9044046 0.8910148 1.0215676 0.9711566 0.9718268 0.9570831 0.9996327 0.9205355 0.8661120 0.8336395 0.9496289 0.9433990 0.9424899 0.9560757 0.9344711 1.1822453 1.1822453 1.2383361 1.2383361 
XP_018111522.1 0.5919532 0.4657621 0.4298018 0.4301284 0.4823182 0.5683805 0.0664489 0.0537120 0.0000000 0.7673285 0.7601073 0.6852331 0.6946374 0.6197326 0.6698093 0.6554505 0.8495553 0.9237609 0.8762007 0.9754036 0.9257363 0.8990144 0.8849082 0.9646895 0.8962157 0.8773681 0.8174721 0.9110666 0.9296167 0.9288952 0.9422336 0.9204813 1.1606922 1.1606922 1.2145338 1.2145338 
NP_001027942.1 0.6897549 0.6156808 0.6171900 0.6337521 0.6176341 0.6879692 0.7659110 0.7930613 0.7673285 0.0000000 0.0169479 0.2027615 0.3700909 0.3259893 0.4229315 0.4753165 0.8832998 0.9369173 0.9352859 1.0371536 1.0687261 1.0160016 1.0004124 1.0443551 1.0097018 0.9747832 0.9328755 1.0381623 0.9894276 0.9716657 0.9812244 0.9490760 1.1640757 1.1640757 1.0660325 1.0660325 
XP_056878323.1 0.6739223 0.6104058 0.6111740 0.6276335 0.6116798 0.6749199 0.7587235 0.7856508 0.7601073 0.0169479 0.0000000 0.1884257 0.3546339 0.3113861 0.4200994 0.4750111 0.8885484 0.9402911 0.9396606 1.0445059 1.0703790 1.0160997 1.0005141 1.0481687 1.0111938 0.9762306 0.9342694 1.0102271 1.0071128 0.9891741 0.9988715 0.9647643 1.1446547 1.1446547 1.0494289 1.0494289 
XP_011489557.1 0.6676208 0.6007873 0.6063335 0.6228314 0.5646331 0.6640463 0.6907636 0.7094447 0.6852331 0.2027615 0.1884257 0.0000000 0.2959911 0.2521763 0.3416819 0.4071955 0.8337182 0.9244495 0.9163413 1.0182363 1.0263814 0.9979167 0.9825224 1.0044677 0.9840784 0.9660247 0.9194519 0.9644332 0.9492428 0.9314157 0.9760944 0.9471746 1.1473412 1.1473412 0.9645742 0.9645742 
NP_001117116.1 0.6682223 0.6260675 0.6715959 0.6721442 0.6160499 0.7019903 0.7084055 0.6970692 0.6946374 0.3700909 0.3546339 0.2959911 0.0000000 0.0475545 0.2953321 0.3584384 0.8768380 0.9688228 0.9687409 1.0345271 1.0185578 0.9856814 0.9702381 1.0380742 1.0134915 0.9813264 0.9703608 1.0098725 1.0504867 1.0380231 1.0434008 1.0323156 1.3665480 1.3665480 1.1230064 1.1230064 
XP_014008915.2 0.5863004 0.5541282 0.5981281 0.5986204 0.5468146 0.6240407 0.6321843 0.6223000 0.6197326 0.3259893 0.3113861 0.2521763 0.0475545 0.0000000 0.2650213 0.3153375 0.8186118 0.9241554 0.9212096 0.9992735 0.9760838 0.9390535 0.9243779 0.9808295 0.9488359 0.9242979 0.9141502 0.9560769 0.9816510 0.9673216 0.9907388 0.9638068 1.2490215 1.2490215 1.0379362 1.0379362 
NP_571651.1    0.6509725 0.5876842 0.6150493 0.6155444 0.5788745 0.6422303 0.7120783 0.7095297 0.6698093 0.4229315 0.4200994 0.3416819 0.2953321 0.2650213 0.0000000 0.0183220 0.8208849 0.9197197 0.9255969 1.0332208 1.0164362 0.9707912 0.9559029 1.0226335 0.9748505 0.9071922 0.8756103 0.9603623 0.9812489 1.0034930 0.9925466 0.9495396 1.2204623 1.2204623 1.0554669 1.0554669 
XP_073802758.1 0.6865274 0.6244876 0.6334678 0.6334678 0.5825825 0.7167451 0.7063041 0.7116116 0.6554505 0.4753165 0.4750111 0.4071955 0.3584384 0.3153375 0.0183220 0.0000000 0.6587666 0.8477529 0.8474629 0.9336827 0.9237592 0.8675888 0.8675888 0.9241931 0.9156359 0.9028311 0.8404606 0.9721306 0.9499269 0.9636172 0.9684513 0.8778577 1.2388433 1.2388433 1.0344418 1.0344418 
NP_001027941.1 0.7605771 0.7493625 0.7355260 0.7613405 0.7967298 0.8345587 0.8528828 0.8391223 0.8495553 0.8832998 0.8885484 0.8337182 0.8768380 0.8186118 0.8208849 0.6587666 0.0000000 0.0318019 0.2162811 0.2403656 0.2093655 0.2193800 0.2117138 0.1934829 0.2116601 0.2152246 0.1921934 0.3708842 0.2549541 0.2564539 0.2600795 0.2570501 0.3909221 0.3909221 0.4927929 0.4927929 
XP_056907047.1 0.8589620 0.7886943 0.7577581 0.7782016 0.8052199 0.8365715 0.9119653 0.9044046 0.9237609 0.9369173 0.9402911 0.9244495 0.9688228 0.9241554 0.9197197 0.8477529 0.0318019 0.0000000 0.2742543 0.3730185 0.3438998 0.3774677 0.3706573 0.3576326 0.3921938 0.4052802 0.3725021 0.5395364 0.4489213 0.4543587 0.4791223 0.4807448 0.5489480 0.5573891 0.5845535 0.5845535 
XP_004069479.1 0.8055717 0.7786038 0.7364656 0.7568610 0.7826178 0.8142530 0.8970464 0.8910148 0.8762007 0.9352859 0.9396606 0.9163413 0.9687409 0.9212096 0.9255969 0.8474629 0.2162811 0.2742543 0.0000000 0.3648176 0.3598864 0.3511258 0.3402056 0.2940848 0.3595321 0.4102904 0.3564474 0.5086798 0.4239321 0.4240625 0.4535685 0.4533244 0.5207821 0.5133469 0.5490458 0.5490458 
NP_001117026.1 0.9183415 0.8537418 0.8430251 0.8639522 0.8705222 0.9270136 1.0073315 1.0215676 0.9754036 1.0371536 1.0445059 1.0182363 1.0345271 0.9992735 1.0332208 0.9336827 0.2403656 0.3730185 0.3648176 0.0000000 0.0866843 0.2484475 0.2443816 0.2460493 0.3437955 0.3926436 0.3413622 0.4763099 0.4887790 0.4948070 0.5403106 0.5134294 0.5046859 0.5126899 0.6723413 0.6723413 
NP_001117073.1 0.8638652 0.8469000 0.8144892 0.8352815 0.8417946 0.9009971 0.9614031 0.9711566 0.9257363 1.0687261 1.0703790 1.0263814 1.0185578 0.9760838 1.0164362 0.9237592 0.2093655 0.3438998 0.3598864 0.0866843 0.0000000 0.2437769 0.2397208 0.2109337 0.3020081 0.3650515 0.3346893 0.4454332 0.4537663 0.4592159 0.4905764 0.4753489 0.4698386 0.4776634 0.6531875 0.6531875 
NP_001117109.1 0.8779177 0.7691956 0.7792162 0.7991570 0.7926981 0.8558020 0.9601877 0.9718268 0.8990144 1.0160016 1.0160997 0.9979167 0.9856814 0.9390535 0.9707912 0.8675888 0.2193800 0.3774677 0.3511258 0.2484475 0.2437769 0.0000000 0.0071549 0.2633868 0.3279294 0.3613382 0.3308574 0.4267163 0.4930344 0.5091717 0.5192755 0.5044203 0.5608621 0.5690264 0.5832433 0.5832433 
XP_014032073.1 0.8647901 0.7569404 0.7671455 0.7869651 0.7908587 0.8425977 0.9455447 0.9570831 0.8849082 1.0004124 1.0005141 0.9825224 0.9702381 0.9243779 0.9559029 0.8675888 0.2117138 0.3706573 0.3402056 0.2443816 0.2397208 0.0071549 0.0000000 0.2545390 0.3215915 0.3542682 0.3240665 0.4189639 0.4835142 0.4996001 0.5095111 0.4948286 0.5511722 0.5592930 0.5730817 0.5730817 
NP_571337.2    0.9247621 0.8708216 0.8374642 0.8586045 0.8590066 0.9379332 0.9989603 0.9996327 0.9646895 1.0443551 1.0481687 1.0044677 1.0380742 0.9808295 1.0226335 0.9241931 0.1934829 0.3576326 0.2940848 0.2460493 0.2109337 0.2633868 0.2545390 0.0000000 0.2949052 0.3216394 0.2993864 0.4235858 0.4108117 0.4120980 0.4561898 0.4291406 0.4875785 0.4956875 0.5708845 0.5708845 
NP_989545.3    0.8259874 0.7720547 0.7479904 0.7669944 0.7383186 0.8104427 0.9102807 0.9205355 0.8962157 1.0097018 1.0111938 0.9840784 1.0134915 0.9488359 0.9748505 0.9156359 0.2116601 0.3921938 0.3595321 0.3437955 0.3020081 0.3279294 0.3215915 0.2949052 0.0000000 0.2625899 0.2321906 0.3808683 0.4003188 0.3991688 0.4264837 0.4012040 0.5647902 0.5728716 0.6585114 0.6585114 
NP_001079366.1 0.8134990 0.7838466 0.7729977 0.7922062 0.7917802 0.8143001 0.9004278 0.8661120 0.8773681 0.9747832 0.9762306 0.9660247 0.9813264 0.9242979 0.9071922 0.9028311 0.2152246 0.4052802 0.4102904 0.3926436 0.3650515 0.3613382 0.3542682 0.3216394 0.2625899 0.0000000 0.0844994 0.1863055 0.4011412 0.4272333 0.4291415 0.4117885 0.5222734 0.5301944 0.6046961 0.6046961 
NP_988972.1    0.7807893 0.7591529 0.7489172 0.7679079 0.7674277 0.8046530 0.8376255 0.8336395 0.8174721 0.9328755 0.9342694 0.9194519 0.9703608 0.9141502 0.8756103 0.8404606 0.1921934 0.3725021 0.3564474 0.3413622 0.3346893 0.3308574 0.3240665 0.2993864 0.2321906 0.0844994 0.0000000 0.2160558 0.4024171 0.4286781 0.4300368 0.4156867 0.4721540 0.4796861 0.5681804 0.5681804 
NP_001081292.1 0.8318394 0.8452966 0.8274696 0.8474773 0.7908882 0.8465964 0.9746885 0.9496289 0.9110666 1.0381623 1.0102271 0.9644332 1.0098725 0.9560769 0.9603623 0.9721306 0.3708842 0.5395364 0.5086798 0.4763099 0.4454332 0.4267163 0.4189639 0.4235858 0.3808683 0.1863055 0.2160558 0.0000000 0.5327285 0.5480892 0.5621966 0.5455475 0.5401629 0.5482133 0.6932819 0.6932819 
NP_001035568.2 0.8924236 0.8380066 0.8195839 0.8392698 0.8058613 0.8764702 0.9549998 0.9433990 0.9296167 0.9894276 1.0071128 0.9492428 1.0504867 0.9816510 0.9812489 0.9499269 0.2549541 0.4489213 0.4239321 0.4887790 0.4537663 0.4930344 0.4835142 0.4108117 0.4003188 0.4011412 0.4024171 0.5327285 0.0000000 0.0521732 0.0845487 0.1160494 0.5864739 0.5945634 0.6963727 0.6963727 
XP_025315455.1 0.8904368 0.8418631 0.8233779 0.8430280 0.8073716 0.8803279 0.9483910 0.9424899 0.9288952 0.9716657 0.9891741 0.9314157 1.0380231 0.9673216 1.0034930 0.9636172 0.2564539 0.4543587 0.4240625 0.4948070 0.4592159 0.5091717 0.4996001 0.4120980 0.3991688 0.4272333 0.4286781 0.5480892 0.0521732 0.0000000 0.0730333 0.1110494 0.5724142 0.5804382 0.6881846 0.6881846 
NP_002469.2    0.8677034 0.8874597 0.8550351 0.8747855 0.8541947 0.9150081 0.9735858 0.9560757 0.9422336 0.9812244 0.9988715 0.9760944 1.0434008 0.9907388 0.9925466 0.9684513 0.2600795 0.4791223 0.4535685 0.5403106 0.4905764 0.5192755 0.5095111 0.4561898 0.4264837 0.4291415 0.4300368 0.5621966 0.0845487 0.0730333 0.0000000 0.1311581 0.5940090 0.6020573 0.6969835 0.6969835 
NP_034996.2    0.8644883 0.8567302 0.8259212 0.8457612 0.8249640 0.8850250 0.9517223 0.9344711 0.9204813 0.9490760 0.9647643 0.9471746 1.0323156 0.9638068 0.9495396 0.8778577 0.2570501 0.4807448 0.4533244 0.5134294 0.4753489 0.5044203 0.4948286 0.4291406 0.4012040 0.4117885 0.4156867 0.5455475 0.1160494 0.1110494 0.1311581 0.0000000 0.5670702 0.5692755 0.7023419 0.7023419 
NP_001035151.1 1.1197313 1.0885473 1.0826276 1.1052054 1.0800094 1.0914318 1.1724842 1.1822453 1.1606922 1.1640757 1.1446547 1.1473412 1.3665480 1.2490215 1.2204623 1.2388433 0.3909221 0.5489480 0.5207821 0.5046859 0.4698386 0.5608621 0.5511722 0.4875785 0.5647902 0.5222734 0.4721540 0.5401629 0.5864739 0.5724142 0.5940090 0.5670702 0.0000000 0.0038305 0.5672692 0.5672692 
XP_056877834.1 1.1197313 1.0885473 1.0826276 1.1052054 1.0800094 1.0914318 1.1724842 1.1822453 1.1606922 1.1640757 1.1446547 1.1473412 1.3665480 1.2490215 1.2204623 1.2388433 0.3909221 0.5573891 0.5133469 0.5126899 0.4776634 0.5690264 0.5592930 0.4956875 0.5728716 0.5301944 0.4796861 0.5482133 0.5945634 0.5804382 0.6020573 0.5692755 0.0038305 0.0000000 0.5621162 0.5621162 
XP_023807068.1 1.1565710 1.0889768 1.0953689 1.1069893 1.1149933 1.1875998 1.1979054 1.2383361 1.2145338 1.0660325 1.0494289 0.9645742 1.1230064 1.0379362 1.0554669 1.0344418 0.4927929 0.5845535 0.5490458 0.6723413 0.6531875 0.5832433 0.5730817 0.5708845 0.6585114 0.6046961 0.5681804 0.6932819 0.6963727 0.6881846 0.6969835 0.7023419 0.5672692 0.5621162 0.0000000 0.0000010 
XP_023807072.1 1.1565710 1.0889768 1.0953689 1.1069893 1.1149933 1.1875998 1.1979054 1.2383361 1.2145338 1.0660325 1.0494289 0.9645742 1.1230064 1.0379362 1.0554669 1.0344418 0.4927929 0.5845535 0.5490458 0.6723413 0.6531875 0.5832433 0.5730817 0.5708845 0.6585114 0.6046961 0.5681804 0.6932819 0.6963727 0.6881846 0.6969835 0.7023419 0.5672692 0.5621162 0.0000010 0.0000000 
